Using 16x16 matricies for show. Report done on 256x256 matrices.

CPU
4.424889 4.402586 3.784632 3.476857 3.345105 4.486650 3.682701 4.683168 4.419003 4.325389 2.871375 3.833389 3.649321 4.802810 2.464465 3.227140
3.073057 3.482652 2.484654 2.852249 2.619848 3.143085 2.102129 3.386450 3.376201 3.108706 2.684932 2.998131 2.437144 3.951973 2.004838 2.674709
4.746725 4.810418 4.014977 3.677751 4.085083 5.437776 4.071153 5.216221 4.790979 4.774066 3.347496 3.923273 3.579738 5.516254 2.947444 3.904914
5.089015 4.510308 3.905234 3.838850 4.345274 5.058384 4.180296 4.658571 3.868747 4.216379 3.447241 4.038877 3.461882 5.596953 3.213312 4.539460
4.851056 5.228400 3.672568 3.548707 4.277015 4.484319 3.632776 4.811112 4.150645 4.836013 3.225540 4.292000 3.430433 5.527314 3.006676 3.796472
4.439283 4.260050 3.968102 4.433750 4.125162 4.766773 3.481301 4.875065 4.521482 4.297655 3.635179 3.941836 3.738373 5.125528 2.230413 4.071554
4.105655 4.193229 3.996691 4.316431 3.930286 4.493218 4.298616 4.187356 3.555867 4.362342 2.929354 4.867405 3.448550 5.511405 2.972579 4.151938
4.454347 4.282933 4.285184 3.951287 4.126045 4.510543 3.637807 4.522898 4.564808 5.220414 3.481831 4.786935 3.284558 4.963453 2.342935 4.028481
4.106278 4.436251 3.912468 3.055893 4.224163 4.604798 3.216168 4.847161 3.892347 4.039051 3.371811 4.178802 3.398281 5.124639 2.192061 3.798115
5.065278 4.268369 4.456596 4.658216 4.484182 5.031331 3.449399 5.000493 4.525126 4.722566 3.662635 4.467690 3.416952 5.401423 2.455055 3.758751
4.390588 4.027125 3.168880 4.248681 3.856126 4.305091 2.611503 3.939879 3.862236 3.853996 3.684748 3.455806 3.330995 4.677425 2.490931 3.990327
3.536884 3.114237 2.971089 3.003276 3.049903 3.355546 3.513922 3.647641 3.717669 3.132527 2.704382 3.264435 3.108416 3.863448 1.545626 3.173914
3.941795 4.071402 3.804764 4.003312 3.974312 4.294655 3.149588 4.217607 3.512480 4.640641 3.603847 4.044875 3.082016 4.847669 2.418987 4.349744
4.649888 4.740495 3.970995 3.646391 3.805986 4.411176 3.915407 4.412843 3.309002 5.007328 2.824656 4.159611 3.557850 4.404569 2.595694 4.395558
4.851921 5.239372 4.124955 4.052602 4.531137 5.017262 3.695965 5.326229 4.751773 4.971804 3.575368 4.346986 3.803691 5.660558 2.694661 4.002404
4.199176 4.642143 3.725098 3.798159 4.093362 4.031610 3.905598 4.504390 3.953809 4.429152 3.500831 4.515822 3.696582 5.471591 2.752774 4.053482

Naive
4.424890 4.402586 3.784632 3.476857 3.345105 4.486650 3.682701 4.683168 4.419003 4.325389 2.871375 3.833389 3.649321 4.802810 2.464465 3.227140
3.073057 3.482652 2.484654 2.852249 2.619848 3.143085 2.102129 3.386450 3.376201 3.108706 2.684932 2.998132 2.437145 3.951972 2.004838 2.674709
4.746725 4.810418 4.014977 3.677751 4.085083 5.437776 4.071153 5.216221 4.790979 4.774066 3.347496 3.923273 3.579738 5.516255 2.947444 3.904914
5.089015 4.510308 3.905234 3.838850 4.345274 5.058384 4.180296 4.658571 3.868747 4.216380 3.447241 4.038876 3.461882 5.596953 3.213312 4.539460
4.851056 5.228400 3.672568 3.548707 4.277014 4.484319 3.632776 4.811113 4.150645 4.836013 3.225540 4.292000 3.430433 5.527314 3.006675 3.796472
4.439283 4.260050 3.968102 4.433750 4.125162 4.766773 3.481301 4.875065 4.521482 4.297655 3.635179 3.941836 3.738373 5.125528 2.230413 4.071555
4.105655 4.193229 3.996691 4.316431 3.930286 4.493218 4.298616 4.187356 3.555868 4.362342 2.929354 4.867405 3.448550 5.511405 2.972579 4.151939
4.454347 4.282933 4.285184 3.951286 4.126045 4.510543 3.637807 4.522897 4.564808 5.220414 3.481832 4.786935 3.284559 4.963453 2.342934 4.028481
4.106278 4.436251 3.912468 3.055893 4.224163 4.604798 3.216168 4.847162 3.892347 4.039050 3.371811 4.178802 3.398281 5.124638 2.192061 3.798115
5.065279 4.268369 4.456596 4.658217 4.484182 5.031331 3.449399 5.000493 4.525126 4.722566 3.662635 4.467690 3.416952 5.401423 2.455055 3.758751
4.390588 4.027126 3.168880 4.248681 3.856126 4.305091 2.611503 3.939879 3.862236 3.853996 3.684748 3.455806 3.330996 4.677426 2.490931 3.990327
3.536884 3.114236 2.971089 3.003276 3.049903 3.355546 3.513921 3.647641 3.717669 3.132527 2.704382 3.264435 3.108416 3.863448 1.545626 3.173914
3.941795 4.071402 3.804764 4.003312 3.974312 4.294655 3.149588 4.217607 3.512480 4.640641 3.603847 4.044875 3.082016 4.847669 2.418987 4.349744
4.649888 4.740495 3.970995 3.646391 3.805986 4.411176 3.915407 4.412844 3.309002 5.007328 2.824656 4.159611 3.557850 4.404569 2.595694 4.395557
4.851921 5.239373 4.124955 4.052602 4.531137 5.017262 3.695965 5.326228 4.751773 4.971804 3.575368 4.346986 3.803691 5.660558 2.694662 4.002404
4.199176 4.642142 3.725098 3.798159 4.093362 4.031610 3.905598 4.504390 3.953809 4.429153 3.500831 4.515822 3.696582 5.471591 2.752774 4.053482
Passes Threshold of 1.0000000475e-03 with max error of 4.7683715820e-07

Tiled
4.424890 4.402586 3.784632 3.476857 3.345105 4.486650 3.682701 4.683168 4.419003 4.325389 2.871375 3.833389 3.649321 4.802810 2.464465 3.227140
3.073057 3.482652 2.484654 2.852249 2.619848 3.143085 2.102129 3.386450 3.376201 3.108706 2.684932 2.998132 2.437145 3.951972 2.004838 2.674709
4.746725 4.810418 4.014977 3.677751 4.085083 5.437776 4.071153 5.216221 4.790979 4.774066 3.347496 3.923273 3.579738 5.516255 2.947444 3.904914
5.089015 4.510308 3.905234 3.838850 4.345274 5.058384 4.180296 4.658571 3.868747 4.216380 3.447241 4.038876 3.461882 5.596953 3.213312 4.539460
4.851056 5.228400 3.672568 3.548707 4.277014 4.484319 3.632776 4.811113 4.150645 4.836013 3.225540 4.292000 3.430433 5.527314 3.006675 3.796472
4.439283 4.260050 3.968102 4.433750 4.125162 4.766773 3.481301 4.875065 4.521482 4.297655 3.635179 3.941836 3.738373 5.125528 2.230413 4.071555
4.105655 4.193229 3.996691 4.316431 3.930286 4.493218 4.298616 4.187356 3.555868 4.362342 2.929354 4.867405 3.448550 5.511405 2.972579 4.151939
4.454347 4.282933 4.285184 3.951286 4.126045 4.510543 3.637807 4.522897 4.564808 5.220414 3.481832 4.786935 3.284559 4.963453 2.342934 4.028481
4.106278 4.436251 3.912468 3.055893 4.224163 4.604798 3.216168 4.847162 3.892347 4.039050 3.371811 4.178802 3.398281 5.124638 2.192061 3.798115
5.065279 4.268369 4.456596 4.658217 4.484182 5.031331 3.449399 5.000493 4.525126 4.722566 3.662635 4.467690 3.416952 5.401423 2.455055 3.758751
4.390588 4.027126 3.168880 4.248681 3.856126 4.305091 2.611503 3.939879 3.862236 3.853996 3.684748 3.455806 3.330996 4.677426 2.490931 3.990327
3.536884 3.114236 2.971089 3.003276 3.049903 3.355546 3.513921 3.647641 3.717669 3.132527 2.704382 3.264435 3.108416 3.863448 1.545626 3.173914
3.941795 4.071402 3.804764 4.003312 3.974312 4.294655 3.149588 4.217607 3.512480 4.640641 3.603847 4.044875 3.082016 4.847669 2.418987 4.349744
4.649888 4.740495 3.970995 3.646391 3.805986 4.411176 3.915407 4.412844 3.309002 5.007328 2.824656 4.159611 3.557850 4.404569 2.595694 4.395557
4.851921 5.239373 4.124955 4.052602 4.531137 5.017262 3.695965 5.326228 4.751773 4.971804 3.575368 4.346986 3.803691 5.660558 2.694662 4.002404
4.199176 4.642142 3.725098 3.798159 4.093362 4.031610 3.905598 4.504390 3.953809 4.429153 3.500831 4.515822 3.696582 5.471591 2.752774 4.053482
Passes Threshold of 1.0000000475e-03 with max error of 4.7683715820e-07

Turned
4.424890 4.402586 3.784632 3.476857 3.345105 4.486650 3.682701 4.683168 4.419003 4.325389 2.871375 3.833389 3.649321 4.802810 2.464465 3.227140
3.073057 3.482652 2.484654 2.852249 2.619848 3.143085 2.102129 3.386450 3.376201 3.108706 2.684932 2.998132 2.437145 3.951972 2.004838 2.674709
4.746725 4.810418 4.014977 3.677751 4.085083 5.437776 4.071153 5.216221 4.790979 4.774066 3.347496 3.923273 3.579738 5.516255 2.947444 3.904914
5.089015 4.510308 3.905234 3.838850 4.345274 5.058384 4.180296 4.658571 3.868747 4.216380 3.447241 4.038876 3.461882 5.596953 3.213312 4.539460
4.851056 5.228400 3.672568 3.548707 4.277014 4.484319 3.632776 4.811113 4.150645 4.836013 3.225540 4.292000 3.430433 5.527314 3.006675 3.796472
4.439283 4.260050 3.968102 4.433750 4.125162 4.766773 3.481301 4.875065 4.521482 4.297655 3.635179 3.941836 3.738373 5.125528 2.230413 4.071555
4.105655 4.193229 3.996691 4.316431 3.930286 4.493218 4.298616 4.187356 3.555868 4.362342 2.929354 4.867405 3.448550 5.511405 2.972579 4.151939
4.454347 4.282933 4.285184 3.951286 4.126045 4.510543 3.637807 4.522897 4.564808 5.220414 3.481832 4.786935 3.284559 4.963453 2.342934 4.028481
4.106278 4.436251 3.912468 3.055893 4.224163 4.604798 3.216168 4.847162 3.892347 4.039050 3.371811 4.178802 3.398281 5.124638 2.192061 3.798115
5.065279 4.268369 4.456596 4.658217 4.484182 5.031331 3.449399 5.000493 4.525126 4.722566 3.662635 4.467690 3.416952 5.401423 2.455055 3.758751
4.390588 4.027126 3.168880 4.248681 3.856126 4.305091 2.611503 3.939879 3.862236 3.853996 3.684748 3.455806 3.330996 4.677426 2.490931 3.990327
3.536884 3.114236 2.971089 3.003276 3.049903 3.355546 3.513921 3.647641 3.717669 3.132527 2.704382 3.264435 3.108416 3.863448 1.545626 3.173914
3.941795 4.071402 3.804764 4.003312 3.974312 4.294655 3.149588 4.217607 3.512480 4.640641 3.603847 4.044875 3.082016 4.847669 2.418987 4.349744
4.649888 4.740495 3.970995 3.646391 3.805986 4.411176 3.915407 4.412844 3.309002 5.007328 2.824656 4.159611 3.557850 4.404569 2.595694 4.395557
4.851921 5.239373 4.124955 4.052602 4.531137 5.017262 3.695965 5.326228 4.751773 4.971804 3.575368 4.346986 3.803691 5.660558 2.694662 4.002404
4.199176 4.642142 3.725098 3.798159 4.093362 4.031610 3.905598 4.504390 3.953809 4.429153 3.500831 4.515822 3.696582 5.471591 2.752774 4.053482

Passes Threshold of 1.0000000475e-03 with max error of 4.7683715820e-07

OverallTime for all kernels: 2652742 ms
Time for CPU Kernel: 447682 ms
Time for Naive Kernel: 2178525 ms
Time for Tiled Kernel: 9375 ms
Time for Transpose: 4836 ms
Time for Turned Kernel: 8847 ms

Based on these times, we can see that the timne taken for the Corner turning alone is smaller than the time taken for tiled multiplication. However,
it is not a feasible thing to do repeatedly, since the act of transposing takes a significant portion of that time. If there were a larger
matrix, the transpose would take longer, acting significantly worse on overall time.